6
193
9
95
172
221
217
8
207
163
180
253
225
144
27
173
205
98
196
186
245
194
2
203
18
11
131
176
87
209
220
32
6
172
5
140
218
72
189
213
6
216
140
96
107
21
209
56
133
104
92
7
221
149
108
11
171
233
233
40
41
44
162
4
145
159
49
124
83
108
157
82
105
221
38
86
28
138
242
195
167
43
65
210
110
80
10
223
2
5
181
40
140
199
14
124
188
123
71
102
205
236
112
23
125
220
208
221
240
157
184
152
71
198
141
214
22
109
195
45
129
17
134
77
160
196
71
253
30
77
55
65
38
147
192
230
79
154
17
31
157
252
154
136
56
6
56
49
100
174
60
188
24
177
244
55
97
86
235
115
188
52
198
5
187
152
97
124
37
181
224
174
215
123
192
184
69
16
67
91
4
153
95
232
252
220
49
95
26
56
240
125
43
126
125
228
213
113
44
51
170
117
146
118
79
155
25
33
171
41
56
136
9
221
91
103
180
239
130
33
186
221
218
114
44
226
204
212
192
91
34
105
10
236
77
201
103
34
23
15
110
92
29
228
176
143
251
40
93
243
146
212
11
31
91
157
160
225
85
103
9
39
52
170
104
189
111
177
233
204
195
105
128
133
36
192
85
202
110
210
91
214
203
228
10
126
12
182
133
95
8
157
237
72
93
243
253
72
129
172
179
244
121
68
167
157
67
2
82
67
72
185
198
46
245
236
8
76
97
222
116
102
132
6
220
170
10
119
210
52
253
152
192
4
79
235
37
128
150
220
108
48
218
72
156
155
71
118
94
254
98
239
192
212
217
20
227
101
79
215
180
22
178
116
15
180
81
179
165
17
196
166
39
109
56
65
250
95
126
188
110
190
181
19
102
190
168
74
214
42
140
198
236
215
190
242
160
16
13
250
33
122
189
20
246
186
98
53
128
45
11
68
80
84
246
122
109
144
27
152
248
99
234
159
179
153
219
16
86
92
202
207
50
101
122
214
111
192
174
122
11
127
60
76
23
153
231
173
193
88
233
179
168
112
189
52
96
114
65
153
212
92
4
20
218
149
198
34
205
133
210
147
126
70
11
85
16
151
174
196
239
175
2
22
248
244
76
130
172
190
105
153
59
173
118
83
19
88
127
248
34
67
144
110
89
227
102
137
173
82
133
63
41
172
105
190
27
228
171
151
48
167
198
148
174
82
86
40
226
54
248
87
69
192
125
72
211
153
1
163
245
15
76
179
29
225
27
35
43
20
59
20
218
105
38
144
48
69
79
73
18
225
71
208
153
183
209
221
106
47
28
129
51
153
179
160
117
31
145
107
207
188
84
8
189
92
70
149
70
177
16
87
59
162
130
146
124
164
213
205
193
17
93
237
68
198
248
226
145
45
145
134
76
171
51
127
4
111
95
193
221
48
162
212
183
203
187
126
194
198
83
232
1
170
8
168
219
209
21
3
200
58
200
203
1
142
205
173
51
48
189
134
11
3
59
4
20
173
104
150
36
26
122
36
167
136
20
171
189
76
200
218
53
153
160
31
139
31
100
165
135
220
235
156
146
168
37
224
215
57
8
90
157
22
71
38
155
107
244
42
30
55
104
22
29
166
158
100
215
178
225
139
118
111
111
149
31
109
193
214
157
34
77
133
28
199
249
158
119
137
234
57
244
211
238
119
237
90
122
187
100
195
20
27
206
253
240
226
186
154
165
82
54
242
199
142
77
249
129
113
227
55
223
234
203
54
30
11
208
165
154
40
118
98
131
35
169
18
8
200
145
63
235
83
68
71
3
173
93
186
29
9
46
86
92
167
98
60
239
110
150
143
35
174
110
74
176
57
232
223
195
226
127
209
190
17
54
93
32
179
44
135
163
102
23
126
174
81
117
112
82
103
212
33
142
217
234
80
171
223
67
87
147
119
29
204
83
16
167
77
180
68
200
163
179
189
18
131
201
134
102
171
248
200
208
213
49
35
145
50
235
196
18
127
145
224
224
195
35
222
171
48
11
46
8
13
48
21
14
105
54
239
174
156
30
91
147
199
129
68
250
88
122
233
217
208
49
93
219
248
52
214
145
134
181
203
78
141
102
26
43
79
23
135
96
143
118
207
244
23
183
89
19
27
53
138
143
29
229
228
124
83
227
77
71
129
34
209
242
152
254
110
224
253
156
63
233
37
138
73
229
81
141
180
4
78
177
140
2
6
123
113
120
15
134
209
197
21
199
154
239
163
67
5
208
228
201
119
97
145
103
192
123
200
60
172
194
244
100
15
251
66
26
60
43
220
196
17
60
79
118
164
107
65
224
205
12
191
132
117
58
130
183
138
214
108
240
189
20
27
126
253
145
145
15
104
14
149
113
243
4
87
65
42
248
78
100
21
25
86
126
142
40
219
154
55
45
24
6
182
127
166
211
122
155
10
163
220
100
176
159
247
10
109
53
9
142
254
176
204
153
34
78
196
246
189
208
67
96
197
118
48
170
137
19
234
167
166
105
1
112
221
65
115
249
119
204
208
5
171
10
244
219
218
131
99
124
29
46
135
227
157
163
201
74
169
92
114
8
32
70
67
194
221
73
21
83
30
43
66
189
109
75
26
232
254
251
250
236
135
42
242
95
187
184
171
127
192
240
89
253
166
242
242
60
213
104
228
182
162
133
173
43
155
183
34
6
15
247
100
170
31
17
198
172
122
149
118
204
143
104
229
230
71
37
77
19
60
31
143
123
144
207
231
99
79
77
112
224
86
135
96
126
170
59
168
117
129
64
233
114
102
30
66
38
145
63
134
15
112
191
54
126
187
173
218
62
187
115
156
88
123
186
196
116
193
33
62
193
216
34
115
164
94
225
221
26
61
62
245
232
179
9
107
62
110
98
128
79
16
234
78
137
75
11
170
60
254
111
237
204
193
155
133
142
155
91
1
221
23
8
221
244
117
233
217
163
43
127
242
94
158
43
232
115
42
65
70
144
148
144
97
199
237
10
128
61
146
136
110
206
148
67
59
167
230
234
59
71
120
148
191
182
189
47
117
220
163
150
174
135
124
92
71
18
229
152
247
108
40
66
173
5
253
47
114
230
97
2
64
88
252
118
74
66
128
218
45
217
143
92
170
195
136
116
147
138
113
211
71
210
12
101
231
39
14
38
216
115
161
206
40
94
146
176
110
27
190
245
138
124
103
39
62
226
151
123
252
22
218
251
214
104
53
143
241
169
66
231
20
59
173
97
205
176
216
97
122
101
23
79
179
58
199
234
54
134
13
66
176
96
81
220
191
136
104
181
181
25
199
38
66
215
24
184
69
27
32
8
21
230
219
28
60
17
30
184
173
136
225
245
148
51
235
203
177
164
192
158
118
182
150
3
127
194
154
113
190
112
60
13
170
47
109
247
103
95
22
218
237
106
183
194
117
87
7
201
111
22
39
109
85
16
241
177
254
227
253
25
70
192
36
168
38
224
130
42
161
246
152
10
214
183
208
181
130
110
190
249
162
85
65
113
110
25
62
49
165
130
147
189
228
138
207
142
203
48
64
59
116
125
4
92
110
236
79
31
226
3
214
30
22
14
3
43
2
210
36
120
99
95
94
92
85
24
234
164
177
227
64
43
96
72
13
69
114
22
26
86
252
203
189
136
63
239
65
85
183
144
111
157
155
254
229
42
196
243
83
222
106
195
120
157
106
88
227
28
69
224
80
166
112
246
46
152
6
197
82
60
238
118
116
215
173
63
56
88
150
175
50
167
120
32
252
83
251
23
49
197
116
112
253
20
95
64
31
131
68
60
234
253
141
141
229
120
20
77
241
244
93
141
230
214
117
213
1
216
14
69
100
63
119
22
46
226
27
184
6
89
5
129
86
187
153
181
97
206
180
243
57
131
108
127
232
219
216
46
15
66
21
117
135
5
161
112
145
129
41
91
240
229
170
5
201
38
143
216
165
85
87
46
169
226
109
4
188
64
247
11
144
202
209
17
208
5
41
176
99
176
129
139
220
194
118
188
125
253
140
219
80
16
62
27
16
70
126
58
231
235
60
93
218
218
135
168
141
248
66
153
72
114
95
102
55
88
36
16
178
6
215
175
15
130
104
60
162
25
225
34
228
7
167
18
243
35
97
142
89
189
43
162
47
120
126
209
210
191
124
177
79
239
129
130
189
155
94
60
154
210
216
12
128
38
93
146
69
97
131
1
71
54
236
249
85
230
20
145
33
117
135
152
74
136
253
114
227
193
48
19
254
186
64
87
204
186
247
82
112
220
239
169
117
216
240
103
78
230
113
66
69
22
88
166
59
227
16
26
2
38
80
29
119
66
205
88
17
244
241
144
168
54
141
115
219
21
21
201
61
1
93
56
231
221
178
3
116
109
213
61
28
222
217
69
163
208
66
127
151
173
214
62
232
44
29
109
131
124
18
180
240
246
138
208
54
156
147
157
244
135
193
108
74
58
94
252
116
74
54
87
253
225
210
200
78
70
173
25
204
63
225
102
10
162
134
24
162
21
19
113
194
63
78
39
97
204
216
63
233
225
98
206
232
252
41
22
103
124
97
182
73
237
198
197
105
108
45
195
6
66
142
183
101
124
34
