2
9
15
17
19
20
21
22
25
28
29
31
32
39
40
44
45
46
49
51
55
57
58
61
62
63
0
3
5
8
11
13
14
15
17
24
26
27
29
31
32
35
36
37
38
41
43
45
46
47
48
49
50
51
55
56
61
62
0
1
6
9
15
16
18
19
21
29
31
32
35
38
39
41
47
48
49
50
51
52
54
56
58
59
1
2
9
11
12
15
17
19
20
21
22
23
28
29
31
33
34
35
36
38
40
41
42
44
45
47
54
56
58
59
62
0
2
3
5
7
11
13
14
16
17
18
21
22
24
29
30
31
32
33
37
38
40
44
45
46
47
48
49
50
51
52
53
54
55
56
57
59
60
62
63
2
3
4
8
9
11
12
13
14
19
20
21
22
23
26
27
28
29
30
34
45
46
47
48
51
53
54
55
59
60
61
62
1
8
9
11
19
20
22
24
25
28
29
30
31
32
34
40
41
43
45
49
51
52
55
56
57
60
63
0
2
5
6
8
11
13
15
21
22
24
25
26
27
32
34
35
36
37
38
39
42
43
44
45
46
50
54
58
59
60
62
63
3
5
6
8
9
10
12
13
14
17
18
19
22
23
24
25
30
32
34
36
40
42
43
44
45
47
49
50
54
55
57
58
60
62
63
1
3
4
6
9
11
13
16
17
19
20
21
23
26
28
29
30
32
33
35
36
37
38
39
40
42
43
47
51
55
56
59
0
1
4
8
10
11
12
14
16
17
22
23
28
29
31
33
34
35
36
37
39
42
43
44
45
48
49
53
56
59
60
61
62
0
1
2
3
4
5
8
9
10
15
16
18
22
23
26
27
28
29
32
33
40
41
42
46
47
53
54
55
56
59
60
0
1
2
3
4
7
10
11
13
17
20
21
25
26
27
28
29
35
45
47
48
49
51
53
55
57
58
59
60
61
0
1
2
4
5
6
8
9
11
14
16
21
22
23
26
29
30
33
34
36
38
39
42
43
44
46
49
50
52
53
56
57
58
59
60
61
62
63
0
3
7
11
13
14
17
18
19
21
22
24
25
27
28
30
32
36
38
39
40
45
47
48
49
50
54
56
57
58
59
62
1
2
3
4
7
8
9
14
15
18
19
20
22
25
26
27
30
32
35
37
42
43
45
46
48
49
52
53
56
58
60
0
1
3
10
11
12
14
16
17
18
22
23
24
26
27
32
35
36
38
39
40
41
42
43
44
45
46
50
52
54
56
58
59
62
4
6
11
14
16
17
18
20
21
22
23
24
27
30
33
34
37
40
43
46
49
50
51
54
55
56
57
58
59
60
62
1
6
7
11
12
13
16
21
22
25
26
27
32
33
35
38
40
41
45
46
51
55
56
58
59
61
0
1
2
3
7
12
14
15
18
19
20
24
26
29
30
31
33
34
40
41
42
43
45
47
50
52
53
56
57
58
59
61
62
63
1
2
3
8
13
19
22
23
24
25
26
33
34
35
37
38
41
42
43
44
45
46
47
49
50
52
55
56
57
59
62
63
1
3
5
6
7
10
11
12
16
18
20
21
22
24
25
26
28
29
30
31
33
34
35
38
39
40
41
42
43
44
47
51
52
56
59
61
62
0
3
4
11
13
14
17
19
22
24
25
26
27
29
32
33
36
38
39
43
49
50
57
60
63
1
2
3
4
5
6
9
10
11
13
14
17
18
19
20
24
26
29
30
31
32
34
38
41
43
44
45
47
48
49
50
51
54
55
57
62
0
1
2
3
4
8
12
13
14
15
16
18
19
20
21
26
29
30
32
33
34
35
36
37
38
39
41
43
44
46
47
51
53
55
58
59
61
3
5
7
10
11
15
18
19
21
22
23
25
27
30
31
33
34
37
38
39
40
41
42
44
45
47
50
55
56
59
61
62
0
1
2
8
11
16
17
23
24
25
26
29
30
32
33
34
36
38
39
43
45
51
52
54
55
56
57
58
59
60
62
0
5
7
8
9
10
11
18
20
22
30
32
34
36
38
41
49
52
53
55
56
57
59
61
63
0
1
3
4
5
6
9
16
19
21
23
24
29
30
32
33
34
35
36
37
38
39
41
42
43
44
45
47
48
49
50
51
52
54
56
58
61
62
63
0
1
2
6
9
10
11
14
17
19
20
24
25
28
29
30
32
35
36
37
39
40
41
43
44
46
47
49
50
53
54
56
58
59
61
62
2
3
4
5
6
7
10
14
15
16
18
19
22
23
24
27
29
30
35
36
37
38
39
40
43
45
49
50
51
52
55
56
58
60
63
1
3
4
7
8
11
12
14
15
17
20
22
23
27
28
31
34
36
37
38
39
40
42
48
49
50
54
57
58
59
60
61
62
2
3
8
10
11
17
19
23
24
29
30
32
34
36
37
39
47
50
52
55
56
57
58
1
2
5
6
8
10
13
15
16
18
19
20
23
25
27
28
29
31
33
34
39
40
42
45
47
49
50
58
59
63
1
3
4
5
8
9
11
13
16
18
19
21
24
30
32
33
37
38
40
41
43
44
47
53
57
59
60
61
63
1
4
7
8
9
10
12
13
15
18
21
25
27
28
29
32
33
34
42
43
44
47
49
50
51
52
55
56
60
61
62
0
8
11
12
14
15
17
18
22
25
28
29
31
37
41
45
46
47
48
51
52
54
57
61
5
7
8
10
12
17
18
22
25
27
29
32
33
34
37
39
41
42
43
44
46
47
49
52
58
59
1
4
6
7
9
10
16
17
18
21
24
28
30
31
32
33
34
35
36
37
38
39
40
41
43
44
45
50
51
52
56
58
61
0
1
3
4
5
8
11
13
14
19
20
21
25
26
27
28
29
31
33
35
36
37
38
41
42
44
46
47
51
52
53
55
56
61
62
4
9
12
16
17
18
22
26
28
33
34
35
37
39
41
42
44
45
48
50
52
53
55
61
63
1
4
6
8
10
12
13
16
17
19
20
21
22
24
25
28
30
33
34
35
38
39
40
41
42
43
44
45
46
47
48
52
53
54
55
56
58
59
60
62
0
1
3
5
6
7
8
10
11
12
14
16
17
18
20
22
25
26
27
28
29
33
35
39
40
42
43
47
48
49
50
53
60
61
63
0
2
3
5
9
10
11
12
19
21
23
24
25
26
27
28
29
30
31
32
33
34
35
37
40
43
46
47
50
51
52
54
55
57
58
60
61
63
0
1
6
8
11
12
14
16
18
25
27
28
29
30
34
39
40
41
42
43
46
48
49
51
52
54
57
58
59
60
62
0
3
4
5
7
8
9
10
14
18
24
25
29
31
34
35
36
38
39
42
43
44
45
47
61
62
0
2
4
6
8
9
10
11
15
17
20
21
24
25
32
35
37
40
41
44
45
46
48
52
57
58
60
62
4
7
9
10
12
14
15
16
18
19
20
21
22
24
26
28
30
32
36
37
39
40
41
45
49
51
55
59
61
62
0
1
3
6
8
10
12
14
16
17
21
22
24
25
26
32
33
35
38
42
43
52
53
54
55
57
58
59
60
63
0
2
3
6
8
13
14
16
18
20
23
29
30
31
32
36
37
38
39
41
43
44
46
50
51
52
53
55
56
57
58
62
0
4
9
10
12
13
14
15
19
20
22
27
29
31
32
34
37
39
40
43
44
46
48
53
56
57
58
59
60
62
63
0
1
2
3
4
5
8
9
11
15
18
19
21
22
23
24
26
27
28
29
30
31
32
35
36
37
40
42
43
46
47
48
51
52
53
54
56
0
1
4
5
6
7
8
9
10
12
13
14
15
18
19
20
22
23
24
27
28
29
30
32
34
35
43
45
49
50
51
53
55
56
58
61
1
3
4
5
6
18
23
27
28
35
36
38
39
42
43
46
53
54
55
59
60
61
62
2
4
5
8
10
12
13
14
15
18
23
25
26
29
30
31
32
33
34
36
37
39
42
46
49
51
52
55
60
62
0
2
4
5
7
8
9
14
17
18
21
22
24
26
27
28
29
30
41
42
45
47
48
50
51
53
54
58
59
60
62
63
0
4
5
7
9
11
12
15
16
17
18
20
21
22
23
25
27
28
29
32
36
37
38
41
42
44
48
49
53
56
57
60
62
63
0
1
6
7
10
11
13
14
16
20
21
22
25
26
29
32
33
34
35
38
39
41
48
53
55
58
61
62
63
0
1
2
3
4
5
6
7
10
16
18
20
24
25
27
28
29
30
36
38
39
41
43
46
47
48
50
53
55
56
58
59
60
63
3
11
13
15
17
18
19
21
23
24
25
26
29
33
34
35
40
42
43
48
51
52
54
55
56
57
59
60
61
0
1
2
4
5
12
13
15
18
21
22
23
24
26
27
29
31
32
33
34
36
38
39
40
42
43
44
49
55
61
62
0
2
4
5
6
7
9
12
18
19
20
21
24
25
26
28
30
31
33
34
35
36
41
42
43
44
46
47
48
49
50
54
56
61
63
0
1
2
3
4
7
9
15
16
21
22
23
24
26
27
28
29
32
38
39
40
42
43
45
46
47
50
51
54
57
59
60
63
1
3
5
7
9
12
13
14
15
18
19
20
21
22
23
27
28
30
36
37
42
45
49
50
53
57
58
59
60
61
62
63
